58 56 18 32 
26 41 29 49 
15 1 35 
18 35 15 
1 35 7 
35 48 1 
1 35 8 
53 58 3 35 
45 58 35 3 53 18 
35 10 52 
1 35 48 
35 31 
39 
18 23 35 
40 6 35 40 6 35 
1 35 30 
1 35 30 
49 35 
1 35 49 
1 35 46 
32 58 56 29 
1 46 35 42 
1 9 54 
1 29 35 15 
35 15 29 1 
50 
29 1 35 15 
45 3 35 18 
1 15 35 
35 1 3 
18 45 3 35 
45 35 1 58 43 
29 1 45 35 
45 35 1 59 
1 45 35 
1 27 15 35 
1 27 15 35 
1 45 35 
1 45 35 
35 1 45 3 
1 45 35 
1 45 3 35 
1 45 3 35 
18 45 3 33 
45 35 1 58 
57 51 
60 35 1 45 
39 51 
1 60 45 35 
34 35 1 58 
3 35 1 45 
1 3 45 35 
35 1 45 
1 24 45 35 
39 
35 1 24 
1 45 35 
1 45 35 
35 3 1 
1 11 35 3 
3 1 35 
1 35 44 
35 45 1 
1 45 35 
1 35 45 
1 45 35 
1 45 35 
1 45 12 35 
35 1 12 3 
1 3 35 